=== CSV HEADS ===

----- offline/products/snapshots/ipt_fase2_semantic/grid_pino_cm.csv -----
5.133;4.087;1.939;5.109;6.452;5.751;1.818;0.913;2.295;4.735;4.185;0.031;3.852;4.510;9.012;7.237
4.851;8.626;4.390;6.024;4.779;7.120;1.262;6.256;4.611;3.578;3.515;2.966;9.431;3.579;4.297;7.161
6.702;4.705;4.755;5.897;6.165;6.782;1.863;2.859;2.857;4.803;3.786;3.335;3.547;2.795;6.680;3.938
7.091;5.952;4.535;3.987;8.735;3.543;3.209;4.405;1.947;3.480;2.018;5.703;2.299;1.929;1.733;4.368
6.766;0.608;6.199;5.640;1.018;3.381;6.791;10.000;6.197;5.220;2.966;8.294;1.257;5.948;2.889;8.292
3.839;4.514;5.513;7.917;1.296;2.343;7.152;4.838;1.367;2.354;6.567;8.145;1.097;0.639;5.652;0.800
8.446;8.372;1.262;0.050;4.231;2.614;5.194;4.000;1.224;2.411;7.933;1.268;4.137;5.074;6.730;5.526
5.067;6.577;5.938;3.641;6.537;5.201;6.109;4.437;2.558;2.840;5.308;4.179;3.776;6.433;4.650;6.127

----- offline/products/snapshots/ipt_fase2_semantic/grid_uint8.csv -----
130;104;49;130;164;146;46;23;58;120;106;0;98;114;229;184
123;219;111;153;121;181;32;159;117;91;89;75;240;91;109;182
170;119;121;150;157;172;47;72;72;122;96;85;90;71;170;100
180;151;115;101;222;90;81;112;49;88;51;145;58;49;44;111
172;15;158;143;25;86;173;255;158;133;75;211;32;151;73;211
97;115;140;201;33;59;182;123;34;60;167;207;27;16;144;20
215;213;32;1;107;66;132;101;31;61;202;32;105;129;171;140
129;167;151;92;166;132;155;113;65;72;135;106;96;164;118;156

----- offline/products/snapshots/ipt_fase2_semantic/grid_z_total_m.csv -----
22.644;18.027;8.553;22.538;28.463;25.368;8.021;4.027;10.126;20.888;18.462;0.136;16.991;19.893;39.757;31.925
21.397;38.053;19.365;26.576;21.080;31.408;5.568;27.598;20.339;15.784;15.504;13.084;41.601;15.788;18.954;31.590
29.564;20.757;20.977;26.014;27.197;29.918;8.219;12.612;12.601;21.188;16.702;14.711;15.648;12.331;29.468;17.371
31.281;26.255;20.007;17.588;38.534;15.628;14.157;19.434;8.591;15.351;8.904;25.159;10.143;8.508;7.647;19.271
29.849;2.683;27.344;24.880;4.492;14.915;29.956;44.114;27.335;23.025;13.085;36.588;5.543;26.237;12.745;36.579
16.936;19.913;24.318;34.923;5.716;10.334;31.550;21.341;6.028;10.383;28.971;35.932;4.840;2.819;24.934;3.531
37.257;36.931;5.569;0.222;18.665;11.533;22.914;17.645;5.398;10.636;34.997;5.595;18.249;22.385;29.688;24.377
22.354;29.015;26.194;16.063;28.835;22.946;26.950;19.571;11.286;12.530;23.416;18.436;16.659;28.380;20.513;27.027

----- offline/products/snapshots/ipt_fase2_semantic/grid_terrain_m.csv -----
0.000;0.000;0.000;0.000;0.000;0.000;0.000;0.000;0.000;0.000;0.000;0.000;0.000;0.000;0.000;0.000
0.000;0.000;0.000;0.000;0.000;0.000;0.000;0.000;0.000;0.000;0.000;0.000;0.000;0.000;0.000;0.000
0.000;0.000;0.000;0.000;0.000;0.000;0.000;0.000;0.000;0.000;0.000;0.000;0.000;0.000;0.000;0.000
0.000;0.000;0.000;0.000;0.000;0.000;0.000;0.000;0.000;0.000;0.000;0.000;0.000;0.000;0.000;0.000
0.000;0.000;0.000;0.000;0.000;0.000;0.000;0.000;0.000;0.000;0.000;0.000;0.000;0.000;0.000;0.000
0.000;0.000;0.000;0.000;0.000;0.000;0.000;0.000;0.000;0.000;0.000;0.000;0.000;0.000;0.000;0.000
0.000;0.000;0.000;0.000;0.000;0.000;0.000;0.000;0.000;0.000;0.000;0.000;0.000;0.000;0.000;0.000
0.000;0.000;0.000;0.000;0.000;0.000;0.000;0.000;0.000;0.000;0.000;0.000;0.000;0.000;0.000;0.000

----- offline/products/snapshots/ipt_fase2_semantic/grid_building_m.csv -----
0.000;0.000;0.000;0.000;0.000;0.000;0.000;0.000;0.000;0.000;0.000;0.000;0.000;0.000;0.000;0.000
0.000;0.000;0.000;0.000;0.000;0.000;0.000;0.000;0.000;0.000;0.000;0.000;0.000;0.000;0.000;0.000
0.000;0.000;0.000;0.000;0.000;0.000;0.000;0.000;0.000;0.000;0.000;0.000;0.000;0.000;0.000;0.000
0.000;0.000;0.000;0.000;0.000;0.000;0.000;0.000;0.000;0.000;0.000;0.000;0.000;0.000;0.000;0.000
0.000;0.000;0.000;0.000;0.000;0.000;0.000;0.000;0.000;0.000;0.000;0.000;0.000;0.000;0.000;0.000
0.000;0.000;0.000;0.000;0.000;0.000;0.000;0.000;0.000;0.000;0.000;0.000;0.000;0.000;0.000;0.000
0.000;0.000;0.000;0.000;0.000;0.000;0.000;0.000;0.000;0.000;0.000;0.000;0.000;0.000;0.000;0.000
0.000;0.000;0.000;0.000;0.000;0.000;0.000;0.000;0.000;0.000;0.000;0.000;0.000;0.000;0.000;0.000

----- offline/products/final/grid_height.csv -----
row,col,cx,cy,z_terrain_m,z_building_m,z_total_m,x,y,z_cm,z_total_cm,z_terrain_cm,z_building_cm
0,0,4447.009645341945,1235.479048518467,5.13670115673385,17.507078245249048,22.643779401982897,4447.009645341945,1235.479048518467,0.0,0.0,1.1644273696445282,3.968640660465921
0,1,4535.675288318596,1235.479048518467,18.027135267510456,0.0,18.027135267510456,4535.675288318596,1235.479048518467,0.0,0.0,4.086531231090837,0.0
0,2,4624.340931295247,1235.479048518467,8.55251102499113,0.0,8.55251102499113,4624.340931295247,1235.479048518467,0.0,0.0,1.9387497175363215,0.0
0,3,4713.006574271899,1235.479048518467,22.53848489573144,0.0,22.53848489573144,4713.006574271899,1235.479048518467,0.0,0.0,5.10919905249012,0.0
0,4,4801.67221724855,1235.479048518467,19.735261354358837,8.727286236599616,28.46254759095845,4801.67221724855,1235.479048518467,0.0,0.0,4.4737425376552915,1.978369121843217
0,5,4890.337860225201,1235.479048518467,25.367758438710325,0.0,25.367758438710325,4890.337860225201,1235.479048518467,0.0,0.0,5.750560784296713,0.0
0,6,4979.003503201853,1235.479048518467,4.295445195073267,3.7254234153387777,8.020868610412045,4979.003503201853,1235.479048518467,0.0,0.0,0.9737249252654059,0.8445079548083653
0,7,5067.669146178503,1235.479048518467,4.026548142113442,0.0,4.026548142113442,5067.669146178503,1235.479048518467,0.0,0.0,0.9127692499147562,0.0
0,8,5156.334789155155,1235.479048518467,10.125843438730302,0.0,10.125843438730302,5156.334789155155,1235.479048518467,0.0,0.0,2.295404945903095,0.0
0,9,5245.0004321318065,1235.479048518467,20.887673448906103,0.0,20.887673448906103,5245.0004321318065,1235.479048518467,0.0,0.0,4.734980274298989,0.0
0,10,5333.666075108458,1235.479048518467,11.519543870568414,6.942126375155791,18.461670245724207,5333.666075108458,1235.479048518467,0.0,0.0,2.6113397994988197,1.5736952001121447
0,11,5422.33171808511,1235.479048518467,0.1360474941252143,0.0,0.1360474941252143,5422.33171808511,1235.479048518467,0.0,0.0,0.03084030409736387,0.0
0,12,5510.997361061761,1235.479048518467,5.665589613368035,11.325382115638757,16.99097172900679,5510.997361061761,1235.479048518467,0.0,0.0,1.2843199185008227,2.5673257027702365
0,13,5599.6630040384125,1235.479048518467,19.89343328466936,0.0,19.89343328466936,5599.6630040384125,1235.479048518467,0.0,0.0,4.509598181023144,0.0
0,14,5688.328647015063,1235.479048518467,21.45935569063874,18.297606505393325,39.75696219603206,5688.328647015063,1235.479048518467,0.0,0.0,4.864573651196253,4.147843754923293
0,15,5776.994289991716,1235.479048518467,26.036930182371197,5.888414959432624,31.925345141803817,5776.994289991716,1235.479048518467,0.0,0.0,5.90225383972977,1.334831701003097
1,0,4447.009645341945,1324.1446914951184,21.397433452302128,0.0,21.397433452302128,4447.009645341945,1324.1446914951184,0.0,0.0,4.850536636600947,0.0
1,1,4535.675288318596,1324.1446914951184,27.21833497687092,10.834607717521724,38.05294269439264,4535.675288318596,1324.1446914951184,0.0,0.0,6.170063867093607,2.456073145136212
1,2,4624.340931295247,1324.1446914951184,19.36497287905248,0.0,19.36497287905248,4624.340931295247,1324.1446914951184,0.0,0.0,4.389802666100681,0.0

----- offline/products/grid_z_total_m.csv -----
0.000;0.000;0.000;0.000;0.000;0.000;0.000;0.000;0.000;0.000;0.000;0.000;0.000;11.973;19.505;14.312
0.000;0.000;0.000;0.000;0.000;0.000;0.000;0.000;0.000;0.000;0.000;18.523;15.593;16.429;21.240;23.048
0.000;0.000;0.000;0.000;0.000;0.000;0.000;0.000;0.000;9.503;14.335;22.543;15.025;15.851;23.178;18.668
0.000;0.000;0.000;0.000;0.000;0.000;4.817;12.224;12.554;13.806;12.914;23.876;19.707;17.296;20.208;0.000
0.000;25.349;23.721;14.879;14.486;21.490;22.161;21.307;17.374;36.226;23.589;18.084;22.371;14.904;0.000;0.000
33.847;31.790;34.406;24.349;23.733;25.613;22.599;23.571;23.122;41.454;33.444;25.372;28.097;0.000;0.000;0.000
30.822;34.159;31.632;33.308;32.677;31.593;22.512;33.686;37.465;20.141;27.884;0.000;0.000;0.000;0.000;0.000
0.000;42.492;0.000;0.000;0.000;34.558;33.647;25.864;30.031;0.000;0.000;0.000;0.000;0.000;0.000;0.000

----- offline/products/grid_terrain_m.csv -----
0.000;0.000;0.000;0.000;0.000;0.000;0.000;0.000;0.000;0.000;0.000;0.000;0.000;0.718;0.234;0.000
0.000;0.000;0.000;0.000;0.000;0.000;0.000;0.000;0.000;0.000;0.000;1.527;1.481;1.158;0.493;0.370
0.000;0.000;0.000;0.000;0.000;0.000;0.000;0.000;0.000;3.194;2.151;1.610;1.444;1.286;0.755;0.457
0.000;0.000;0.000;0.000;0.000;0.000;4.817;4.181;3.854;3.441;2.638;1.719;1.484;1.464;1.193;0.000
0.000;6.594;6.593;6.505;6.043;6.073;5.462;4.816;4.454;4.038;3.043;2.872;2.167;1.517;0.000;0.000
12.544;11.538;11.586;11.282;10.403;9.386;8.432;8.131;6.509;7.152;5.401;3.402;4.651;0.000;0.000;0.000
14.893;16.939;17.690;19.000;17.228;15.877;12.485;12.291;11.403;8.384;7.453;0.000;0.000;0.000;0.000;0.000
0.000;24.514;0.000;0.000;0.000;18.813;18.042;15.362;15.276;0.000;0.000;0.000;0.000;0.000;0.000;0.000

----- offline/products/grid_building_m.csv -----
0.000;0.000;0.000;0.000;0.000;0.000;0.000;0.000;0.000;0.000;0.000;0.000;0.000;11.255;19.271;14.312
0.000;0.000;0.000;0.000;0.000;0.000;0.000;0.000;0.000;0.000;0.000;16.996;14.112;15.272;20.747;22.679
0.000;0.000;0.000;0.000;0.000;0.000;0.000;0.000;0.000;6.309;12.184;20.932;13.581;14.565;22.422;18.212
0.000;0.000;0.000;0.000;0.000;0.000;0.000;8.044;8.700;10.365;10.276;22.157;18.223;15.832;19.014;0.000
0.000;18.755;17.128;8.374;8.443;15.418;16.698;16.490;12.920;32.187;20.546;15.212;20.204;13.387;0.000;0.000
21.303;20.252;22.820;13.067;13.329;16.228;14.167;15.440;16.613;34.302;28.043;21.971;23.446;0.000;0.000;0.000
15.930;17.220;13.942;14.309;15.449;15.716;10.027;21.394;26.062;11.757;20.431;0.000;0.000;0.000;0.000;0.000
0.000;17.979;0.000;0.000;0.000;15.746;15.606;10.502;14.755;0.000;0.000;0.000;0.000;0.000;0.000;0.000
